nodes PCs graph_id level exec_time_prereq exec_time_gurobi VCs pot_paths objective VCs_created graph_diameter number_of_trxs
5 10 0 -1 4.198450859 0.024080114000000208 0 5 0.0 0 1 5 
5 10 0 0 5.762782625000001 0.0033969909999989056 0 5 0.0 0 1 5 
5 10 0 1 6.201876797999999 0.003528587999998223 0 5 0.0 0 1 5 
5 10 1 -1 5.176115389 0.015653315000001555 0 16 0.0 0 2 5 
5 10 1 0 5.3007268770000024 0.007783436000000421 3 28 0.0 0 2 5 
5 10 1 1 4.182983176999997 0.004160165000001825 3 28 0.0 0 2 5 
5 10 2 -1 4.341280443999999 0.03167155899999585 0 5 0.0 0 1 5 
5 10 2 0 4.769710330999999 0.003093546000002334 0 5 0.0 0 1 5 
5 10 2 1 8.156123488000006 0.00392472800000121 0 5 0.0 0 1 5 
5 10 3 -1 4.7415923719999995 0.003306057999999723 0 5 0.0 0 1 5 
5 10 3 0 4.557015778999997 0.005187597000002597 0 5 0.0 0 1 5 
5 10 3 1 4.093335247999995 0.003016904000006093 0 5 0.0 0 1 5 
5 10 4 -1 4.553828129999999 0.009005799999997066 0 5 0.0 0 1 5 
5 10 4 0 4.361588141999988 0.003287012000001255 0 5 0.0 0 1 5 
5 10 4 1 4.164994756999988 0.004259860000004778 0 5 0.0 0 1 5 
5 10 5 -1 3.993697095999991 0.0038167549999883477 0 5 0.0 0 1 5 
5 10 5 0 4.491627479000002 0.003559903999999392 0 5 0.0 0 1 5 
5 10 5 1 4.062257083000006 0.006022526999998945 0 5 0.0 0 1 5 
5 10 6 -1 4.329920651999998 0.0030713060000095993 0 5 0.0 0 1 5 
5 10 6 0 3.9294895889999992 0.002859000000000833 0 5 0.0 0 1 5 
5 10 6 1 4.136098844000003 0.006785328999995954 0 5 0.0 0 1 5 
5 10 7 -1 3.968061856999995 0.003949981000005209 0 17 16.0 0 2 5 
5 10 7 0 4.075855412999999 0.01328879799999072 3 32 16.0 1 2 5 
5 10 7 1 4.285268019 0.003680548999994926 3 32 16.0 1 2 5 
5 10 8 -1 4.124177646999996 0.002905118000001039 0 5 0.0 0 1 5 
5 10 8 0 4.1628596829999935 0.0042297620000084635 0 5 0.0 0 1 5 
5 10 8 1 4.141605099000003 0.004520550999998818 0 5 0.0 0 1 5 
5 10 9 -1 4.226441183999995 0.003611383000020396 0 5 0.0 0 1 5 
5 10 9 0 4.155595323 0.004649812000025122 0 5 0.0 0 1 5 
5 10 9 1 4.169264001000016 0.0034274399999958405 0 5 0.0 0 1 5 
5 10 10 -1 4.174671329000006 0.004274418999983709 0 5 0.0 0 1 5 
5 10 10 0 4.025565778000015 0.0032869890000029045 0 5 0.0 0 1 5 
5 10 10 1 4.162606101000023 0.005755649000008134 0 5 0.0 0 1 5 
5 10 11 -1 4.1320861179999895 0.0038050010000176826 0 16 46.0 0 2 5 
5 10 11 0 3.922591572999977 0.05191376599998421 3 28 19.0 1 2 5 
5 10 11 1 4.070253486000013 0.005959896999996772 3 28 19.0 1 2 5 
5 10 12 -1 4.148024649999996 0.004653587999996489 0 5 0.0 0 1 5 
5 10 12 0 4.212838304999991 0.004855469000005996 0 5 0.0 0 1 5 
5 10 12 1 4.246589445000012 0.0043267950000256405 0 5 0.0 0 1 5 
5 10 13 -1 4.0211657689999925 0.0058984869999960665 0 5 0.0 0 1 5 
5 10 13 0 4.182586845000003 0.0032657220000089637 0 5 0.0 0 1 5 
5 10 13 1 4.134040475999996 0.003411245999984658 0 5 0.0 0 1 5 
5 10 14 -1 4.293868086000003 0.002829990000009275 0 5 0.0 0 1 5 
5 10 14 0 4.132920700999989 0.004603307999985873 0 5 0.0 0 1 5 
5 10 14 1 4.115571192000004 0.0035512869999934082 0 5 0.0 0 1 5 
5 10 15 -1 4.113667243999998 0.003555183000003126 0 5 0.0 0 1 5 
5 10 15 0 4.240244454999981 0.0034679780000033134 0 5 0.0 0 1 5 
5 10 15 1 4.022135941000016 0.004061440000015182 0 5 0.0 0 1 5 
5 10 16 -1 4.068386435999997 0.003941470999990315 0 5 0.0 0 1 5 
5 10 16 0 4.050704111000016 0.0033555589999991753 0 5 0.0 0 1 5 
5 10 16 1 4.414946783000005 0.004349305000005188 0 5 0.0 0 1 5 
5 10 17 -1 4.0216803730000095 0.0027757299999962015 0 5 0.0 0 1 5 
5 10 17 0 4.035299484999996 0.0032434459999990395 0 5 0.0 0 1 5 
5 10 17 1 4.313961976000002 0.004316945999988775 0 5 0.0 0 1 5 
5 10 18 -1 4.040200954999989 0.0037950230000092233 0 22 0.0 0 2 5 
5 10 18 0 4.13883126799999 0.006425614000022506 3 25 0.0 0 2 5 
5 10 18 1 4.121890726000004 0.004978506000014704 3 25 0.0 0 2 5 
5 10 19 -1 4.114282384999996 0.002893808999999692 0 5 0.0 0 1 5 
5 10 19 0 4.079625329999999 0.003503544000011516 0 5 0.0 0 1 5 
5 10 19 1 4.098113365000017 0.0031377480000287505 0 5 0.0 0 1 5 
5 10 20 -1 4.043509737000022 0.0036576899999545276 0 17 30.0 0 2 5 
5 10 20 0 4.170231961999946 0.006016577000025336 3 29 20.0 1 2 5 
5 10 20 1 4.140426527999978 0.00468118300000242 3 29 20.0 1 2 5 
5 10 21 -1 4.370187064999982 0.006263254000032248 0 17 20.0 0 2 5 
5 10 21 0 4.046831990999976 0.004158693999954721 3 29 10.0 1 2 5 
5 10 21 1 4.072180174999971 0.004048408000016934 3 29 10.0 1 2 5 
5 10 22 -1 4.03963873500004 0.004235946999983753 0 5 0.0 0 1 5 
5 10 22 0 4.473404255000048 0.002961894999998549 0 5 0.0 0 1 5 
5 10 22 1 4.272912514000041 0.003955774000019119 0 5 0.0 0 1 5 
5 10 23 -1 4.139643683999964 0.003675861999965946 0 5 0.0 0 1 5 
5 10 23 0 4.150839818000009 0.003129418000014539 0 5 0.0 0 1 5 
5 10 23 1 4.206164113 0.006365856000002168 0 5 0.0 0 1 5 
5 10 24 -1 4.169356006999976 0.0029246960000364197 0 5 0.0 0 1 5 
5 10 24 0 4.199714968000023 0.0061685250000209635 0 5 0.0 0 1 5 
5 10 24 1 4.118928804999996 0.005277558999978282 0 5 0.0 0 1 5 
6 12 0 -1 4.129972613999996 0.0063486479999710355 0 12 44.0 0 2 5 
6 12 0 0 4.240633110000033 0.015207309999993868 6 40 34.0 2 2 5 
6 12 0 1 4.519770204999986 0.004819098000041322 6 40 34.0 2 2 5 
6 12 1 -1 4.387516897000012 0.004075500999988435 0 14 74.0 0 2 5 
6 12 1 0 4.087522234000005 0.008064904999969258 8 42 54.0 2 2 5 
6 12 1 1 4.136386854000023 0.007233573000007709 8 42 54.0 2 2 5 
6 12 2 -1 4.047699186999978 0.004854241000032289 0 16 45.0 0 2 5 
6 12 2 0 4.043535385000041 0.004739210999957777 8 39 34.0 2 2 5 
6 12 2 1 4.2929666780000275 0.005973337999989781 8 39 34.0 2 2 5 
6 12 3 -1 4.111048247999975 0.0060014240000327845 0 14 28.0 0 2 5 
6 12 3 0 4.131464457999982 0.004377090999980737 8 50 27.0 2 2 5 
6 12 3 1 4.345461340999975 0.004539066000006642 8 50 27.0 2 2 5 
6 12 4 -1 4.08015383999998 0.005100824999999531 0 16 37.0 0 2 5 
6 12 4 0 4.021532458000024 0.014136557000028915 6 38 20.0 1 2 5 
6 12 4 1 4.151156637999975 0.008425878000025477 6 38 20.0 1 2 5 
6 12 5 -1 4.19490575399999 0.003708670999969854 0 16 37.0 0 2 5 
6 12 5 0 4.871374161000006 0.004201840999996875 8 41 20.0 2 2 5 
6 12 5 1 4.232747280000012 0.004311708000045655 8 41 20.0 2 2 5 
6 12 6 -1 4.179579389999958 0.0040473970000221016 0 14 44.0 0 2 5 
6 12 6 0 3.9214382110000088 0.006191058000013072 8 46 26.0 2 2 5 
6 12 6 1 4.560019080000018 0.008776764000003823 8 46 26.0 2 2 5 
6 12 7 -1 4.259190242000045 0.005151880000028086 0 17 31.0 0 2 5 
6 12 7 0 4.0093832389999875 0.005563961999996536 6 33 21.0 1 2 5 
6 12 7 1 4.048480893999965 0.0059247730000038246 6 33 21.0 1 2 5 
6 12 8 -1 4.378882372000021 0.003549415999998473 0 17 31.0 0 2 5 
6 12 8 0 4.13346225600003 0.006343194000010044 8 38 21.0 1 2 5 
6 12 8 1 4.470718294999983 0.007159973000000264 8 38 21.0 1 2 5 
6 12 9 -1 4.175512706999996 0.004176803999996537 0 16 35.0 0 2 5 
6 12 9 0 4.151930065999977 0.0050114609999809545 10 48 18.0 1 2 5 
6 12 9 1 4.0798195489999785 0.005235294000044632 10 48 18.0 1 2 5 
6 12 10 -1 4.22352108299998 0.0057040500000198335 0 15 31.0 0 2 5 
6 12 10 0 4.271005103999983 0.004611797999984901 8 41 31.0 1 2 5 
6 12 10 1 4.040351913999984 0.004869245999998384 8 41 31.0 1 2 5 
6 12 11 -1 4.080038953999974 0.003547720999961257 0 17 16.0 0 2 5 
6 12 11 0 4.265714177999996 0.004037428999993153 9 47 16.0 1 2 5 
6 12 11 1 4.146997673000044 0.004145021999988785 9 47 16.0 1 2 5 
6 12 12 -1 3.9591703030000076 0.005664569000032316 0 18 18.0 0 2 5 
6 12 12 0 4.234142030000044 0.0038528479999513365 6 34 10.0 1 2 5 
6 12 12 1 4.385529995000013 0.004574324999964574 6 34 10.0 1 2 5 
6 12 13 -1 4.369773769999995 0.0063149000000066735 0 15 43.0 0 2 5 
6 12 13 0 4.143423636999955 0.012816284999985328 8 41 39.0 2 2 5 
6 12 13 1 4.202462164999986 0.005842743999949107 8 41 39.0 2 2 5 
6 12 14 -1 4.310472931000049 0.00478177700000515 0 16 25.0 0 2 5 
6 12 14 0 4.188367895999988 0.005070658000022377 8 39 12.0 1 2 5 
6 12 14 1 4.156882916000086 0.007015832999968552 8 39 12.0 1 2 5 
6 12 15 -1 4.256825757999991 0.007019463000005999 0 16 31.0 0 2 5 
6 12 15 0 4.441140744999984 0.011974833999943257 8 47 21.0 1 2 5 
6 12 15 1 4.230921115000001 0.008732634000011785 8 47 21.0 1 2 5 
6 12 16 -1 4.385140680999939 0.005621467000082703 0 16 37.0 0 2 5 
6 12 16 0 4.291338558999996 0.004882913999949778 6 34 28.0 2 2 5 
6 12 16 1 4.117146870999932 0.005562353999948755 6 34 28.0 2 2 5 
6 12 17 -1 4.133424029000025 0.005699615000025915 0 18 60.0 0 2 5 
6 12 17 0 4.272052602999906 0.007302581000089958 10 42 35.0 3 2 5 
6 12 17 1 4.1444924009999795 0.005338918000006743 10 42 35.0 3 2 5 
6 12 18 -1 4.295397803000014 0.00818258199990396 0 16 51.0 0 2 5 
6 12 18 0 4.003891437999982 0.008400673999972241 8 39 29.0 2 2 5 
6 12 18 1 4.2616428640000095 0.008001211000078001 8 39 29.0 2 2 5 
6 12 19 -1 4.282552528999986 0.003985580000062328 0 15 11.0 0 2 5 
6 12 19 0 4.105927360999999 0.004146533000039199 8 40 11.0 0 2 5 
6 12 19 1 4.165500297999984 0.00877071899992643 8 40 11.0 0 2 5 
6 12 20 -1 4.231706534999944 0.004508110000074339 0 19 19.0 0 2 5 
6 12 20 0 4.233983824000006 0.00380142500000602 6 31 10.0 1 2 5 
6 12 20 1 4.23707036899998 0.008743557000002511 6 31 10.0 1 2 5 
6 12 21 -1 4.211455436000051 0.0050812389999919105 0 16 52.0 0 2 5 
6 12 21 0 4.286422671000082 0.005199875000016618 8 40 29.0 2 2 5 
6 12 21 1 4.432106126999997 0.004844688000048336 8 40 29.0 2 2 5 
6 12 22 -1 4.165574020000008 0.006886175000090589 0 14 53.0 0 2 5 
6 12 22 0 4.320711269999947 0.00549988399995982 6 40 48.0 2 2 5 
6 12 22 1 4.281015054000022 0.003905687000042235 6 40 48.0 2 2 5 
6 12 23 -1 4.158142407000014 0.004443100999992566 0 14 44.0 0 2 5 
6 12 23 0 4.222298219999971 0.015089397999986431 6 40 23.0 2 2 5 
6 12 23 1 3.980150768000044 0.008435729999973773 6 40 23.0 2 2 5 
6 12 24 -1 4.13579477899998 0.0066117199999098375 0 16 31.0 0 2 5 
6 12 24 0 4.137123965000001 0.004848105000064606 6 34 10.0 1 2 5 
6 12 24 1 4.190490226000065 0.0054183199999897624 6 34 10.0 1 2 5 
7 14 0 -1 4.045923192000032 0.004008999000006952 0 9 66.0 0 2 5 
7 14 0 0 4.205422475999967 0.011868277000075977 11 44 29.0 2 2 5 
7 14 0 1 4.133975046000046 0.007065306000072269 11 44 29.0 2 2 5 
7 14 1 -1 3.991308414999935 0.0053108590000192635 0 11 37.0 0 2 5 
7 14 1 0 3.962883894999891 0.00509317099999862 16 62 37.0 2 2 5 
7 14 1 1 4.183410051999999 0.0065848269999833065 16 62 37.0 2 2 5 
7 14 2 -1 4.069533596000042 0.004022780000013881 0 33 39.0 0 3 5 
7 14 2 0 4.204841149999993 0.004888365999931921 12 180 31.0 2 3 5 
7 14 2 1 4.291714254999988 0.007198420999998234 20 476 31.0 2 3 5 
7 14 3 -1 3.9921252110000296 0.003908566999939467 0 13 54.0 0 2 5 
7 14 3 0 4.33821225600002 0.005714072000046144 15 56 40.0 3 2 5 
7 14 3 1 4.06487013900005 0.00828264400001899 15 56 40.0 3 2 5 
7 14 4 -1 4.09991461300001 0.005072284999982912 0 9 41.0 0 2 5 
7 14 4 0 4.0232065830000465 0.005753063000042857 13 59 18.0 1 2 5 
7 14 4 1 4.04843844100003 0.008707769000011467 13 59 18.0 1 2 5 
7 14 5 -1 4.135911114999999 0.0035721650000368754 0 11 56.0 0 2 5 
7 14 5 0 4.1856751819999545 0.006406378999940898 14 51 33.0 2 2 5 
7 14 5 1 4.109878753000089 0.008304020999958084 14 51 33.0 2 2 5 
7 14 6 -1 4.106038034999983 0.003844409000066662 0 14 31.0 0 2 5 
7 14 6 0 4.083893032999981 0.008301619000008031 14 58 11.0 1 2 5 
7 14 6 1 3.975090301000023 0.0051228639999862935 14 58 11.0 1 2 5 
7 14 7 -1 4.165909819000035 0.0054747560000123485 0 13 0.0 0 2 5 
7 14 7 0 4.0301770529999885 0.006437276000042402 15 62 0.0 0 2 5 
7 14 7 1 4.106762877000051 0.008894597999983489 15 62 0.0 0 2 5 
7 14 8 -1 4.10720372600008 0.003732592000005752 0 15 0.0 0 2 5 
7 14 8 0 4.033456106000017 0.004143282999962139 11 41 0.0 0 2 5 
7 14 8 1 4.234505568000031 0.007047382000109792 11 41 0.0 0 2 5 
7 14 9 -1 4.258730383999932 0.0055248449999680815 0 12 68.0 0 2 5 
7 14 9 0 4.220091393999951 0.012239114000067275 11 48 30.0 2 2 5 
7 14 9 1 4.172199868999996 0.005344261000004735 11 48 30.0 2 2 5 
7 14 10 -1 4.029541093000034 0.003500151000025653 0 10 64.0 0 2 5 
7 14 10 0 4.070708311999965 0.006648061999953825 13 47 40.0 4 2 5 
7 14 10 1 4.132937826999978 0.004786058000036064 13 47 40.0 4 2 5 
7 14 11 -1 3.9946046109999997 0.0037540170000056605 0 12 46.0 0 2 5 
7 14 11 0 4.064457559999937 0.007851001000062752 15 63 42.0 2 2 5 
7 14 11 1 4.107234227000049 0.005600342999969143 15 63 42.0 2 2 5 
7 14 12 -1 4.12307892900003 0.006468027000096299 0 17 0.0 0 2 5 
7 14 12 0 3.882798790000038 0.0053377399999590125 11 42 0.0 0 2 5 
7 14 12 1 4.068240015000015 0.005057925999949475 11 42 0.0 0 2 5 
7 14 13 -1 4.063129486999969 0.0036803589999863107 0 17 44.0 0 2 5 
7 14 13 0 3.91119778999996 0.00872978500001409 17 60 30.0 3 2 5 
7 14 13 1 3.990077874000008 0.007458505000045079 17 60 30.0 3 2 5 
7 14 14 -1 4.212786946000051 0.004931498000019019 0 11 38.0 0 2 5 
7 14 14 0 4.144885254999963 0.004951482000024043 16 55 25.0 2 2 5 
7 14 14 1 4.0380610380000235 0.015395509999962087 16 55 25.0 2 2 5 
7 14 15 -1 3.9703782230000115 0.0075502759999608315 0 8 61.0 0 2 5 
7 14 15 0 4.13490394400003 0.008531100999903174 13 58 47.0 3 2 5 
7 14 15 1 4.14060989799998 0.009392162999915854 13 58 47.0 3 2 5 
7 14 16 -1 4.0805876260000105 0.0034451300000455376 0 13 49.0 0 2 5 
7 14 16 0 4.227231254000003 0.0049170700000331635 16 63 33.0 2 2 5 
7 14 16 1 4.063435383999945 0.004998465000085162 16 63 33.0 2 2 5 
7 14 17 -1 4.256496826999978 0.006812953999997262 0 11 39.0 0 2 5 
7 14 17 0 4.129928393 0.005553022999947643 15 53 22.0 2 2 5 
7 14 17 1 4.00765689800005 0.008394390999910684 15 53 22.0 2 2 5 
7 14 18 -1 4.049110953999957 0.0039728039999999964 0 12 35.0 0 2 5 
7 14 18 0 4.15100604099996 0.004329375999986951 16 62 35.0 2 2 5 
7 14 18 1 4.149545837000005 0.005010516999959691 16 62 35.0 2 2 5 
7 14 19 -1 3.8723234130000037 0.00615633200004595 0 11 40.0 0 2 5 
7 14 19 0 4.197733858999982 0.006608899000070778 16 62 21.0 2 2 5 
7 14 19 1 4.022617488999913 0.006034794000015609 16 62 21.0 2 2 5 
7 14 20 -1 4.090911897999945 0.0042822919999707665 0 12 54.0 0 2 5 
7 14 20 0 4.2660378790000095 0.010803885999962404 15 63 37.0 2 2 5 
7 14 20 1 4.099570314999937 0.0075741959999504616 15 63 37.0 2 2 5 
7 14 21 -1 4.146061641000074 0.004723828000010144 0 49 34.0 0 3 5 
7 14 21 0 4.074906507000037 0.0073548489999666344 12 210 27.0 2 3 5 
7 14 21 1 4.267283397000028 0.007154867000053855 20 458 27.0 2 3 5 
7 14 22 -1 4.284851212000035 0.003790550999951847 0 28 138.0 0 3 5 
7 14 22 0 4.4356054319999885 0.031669295000028796 12 288 61.0 1 3 5 
7 14 22 1 4.530813187000035 0.013291762999983803 28 560 41.0 2 3 5 
7 14 23 -1 4.1908740950000265 0.004115597999998499 0 14 28.0 0 2 5 
7 14 23 0 4.141082540999946 0.004546217999973123 14 55 10.0 1 2 5 
7 14 23 1 4.035147324000036 0.012866307999956916 14 55 10.0 1 2 5 
7 14 24 -1 4.077416092000021 0.003742134000049191 0 13 47.0 0 2 5 
7 14 24 0 4.223458425999979 0.004419287000018812 19 71 33.0 3 2 5 
7 14 24 1 4.100328245000014 0.007657630000039717 19 71 33.0 3 2 5 
8 16 0 -1 4.245450303999974 0.008527437999987342 0 10 47.0 0 2 5 
8 16 0 0 4.19137428800002 0.008882399999947665 22 66 33.0 3 2 5 
8 16 0 1 4.248478582000075 0.005752019000055952 22 66 33.0 3 2 5 
8 16 1 -1 4.039835894000021 0.007868185999996058 0 23 204.0 0 3 5 
8 16 1 0 4.1944293049999715 0.011068238000007113 19 346 100.0 3 3 5 
8 16 1 1 4.3024725550000085 0.01782233400001587 31 622 97.0 3 3 5 
8 16 2 -1 4.227251352000053 0.0035902470000337416 0 11 24.0 0 2 5 
8 16 2 0 4.010402333000002 0.006859383000005437 24 69 22.0 1 2 5 
8 16 2 1 4.163857828999994 0.006369156000005205 24 69 22.0 1 2 5 
8 16 3 -1 3.947492458999932 0.003697562999946058 0 36 53.0 0 3 5 
8 16 3 0 4.348949234999964 0.00860573900001782 20 374 30.0 2 3 5 
8 16 3 1 5.207285501000001 0.03140190100009477 38 1310 30.0 2 3 5 
8 16 4 -1 4.003701091999915 0.004170239000018228 0 10 56.0 0 2 5 
8 16 4 0 4.112917519000007 0.004538744000001316 19 57 39.0 3 2 5 
8 16 4 1 4.069253860000003 0.007018733999984761 19 57 39.0 3 2 5 
8 16 5 -1 3.9807652150000195 0.0059043539999947825 0 14 38.0 0 2 5 
8 16 5 0 4.154343537000045 0.007923568000023806 23 65 10.0 1 2 5 
8 16 5 1 4.21768605200009 0.006044033999842213 23 65 10.0 1 2 5 
8 16 6 -1 4.049314802000026 0.006414112000129535 0 32 81.0 0 3 5 
8 16 6 0 4.170582876000026 0.007343006999917634 21 400 61.0 3 3 5 
8 16 6 1 4.784549517999949 0.038920320999977776 39 1210 52.0 4 3 5 
8 16 7 -1 4.122949247999941 0.0038799550000021554 0 34 85.0 0 3 5 
8 16 7 0 4.426980977000085 0.007557736000080695 20 329 38.0 2 3 5 
8 16 7 1 4.520447924999871 0.013320007000174883 30 689 38.0 2 3 5 
8 16 8 -1 3.9573540310000226 0.0035496230000262585 0 35 92.0 0 3 5 
8 16 8 0 4.43557943299993 0.017930210000031366 20 346 48.0 2 3 5 
8 16 8 1 4.848069423999959 0.018965387999969607 44 1194 38.0 3 3 5 
8 16 9 -1 4.106009717999996 0.0036455049998949107 0 15 49.0 0 2 5 
8 16 9 0 4.107003172000077 0.006802068000069994 24 101 18.0 1 2 5 
8 16 9 1 4.222250222999946 0.01094687799991334 24 101 18.0 1 2 5 
8 16 10 -1 3.9948830250000356 0.003565580999975282 0 11 62.0 0 2 5 
8 16 10 0 4.204314540000041 0.007144846000073812 17 52 40.0 3 2 5 
8 16 10 1 4.20815374200015 0.007932642000014312 17 52 40.0 3 2 5 
8 16 11 -1 4.129933334000043 0.004052749999800653 0 32 78.0 0 3 5 
8 16 11 0 4.218533950000165 0.012180612000065594 21 417 38.0 1 3 5 
8 16 11 1 5.554357172999971 0.029333785999824613 51 1617 30.0 2 3 5 
8 16 12 -1 4.095821010999998 0.0035151689999111113 0 11 45.0 0 2 5 
8 16 12 0 3.999702221000007 0.004699151000068014 23 66 35.0 2 2 5 
8 16 12 1 3.9630261710001378 0.00498421700012841 23 66 35.0 2 2 5 
8 16 13 -1 4.130521561000023 0.0033808199998475175 0 7 58.0 0 2 5 
8 16 13 0 3.9368899339999643 0.011549787000149081 19 56 24.0 2 2 5 
8 16 13 1 4.0684413550000045 0.006265359999815701 19 56 24.0 2 2 5 
8 16 14 -1 4.106248483000172 0.005921997000086776 0 9 61.0 0 2 5 
8 16 14 0 4.1490215329999955 0.004459266999901956 24 68 56.0 4 2 5 
8 16 14 1 4.0876622060000045 0.008854944999939107 24 68 56.0 4 2 5 
8 16 15 -1 4.114829383999904 0.003439337999907366 0 11 43.0 0 2 5 
8 16 15 0 4.299003827999968 0.005078057999980956 20 50 28.0 2 2 5 
8 16 15 1 4.043799407000051 0.0043811200000618555 20 50 28.0 2 2 5 
8 16 16 -1 4.302960465000069 0.005957605000048716 0 9 69.0 0 2 5 
8 16 16 0 4.22053281400008 0.004642345000092973 20 54 48.0 4 2 5 
8 16 16 1 4.25996008900006 0.00509253399991394 20 54 48.0 4 2 5 
8 16 17 -1 3.9547070810001514 0.005236949000163804 0 10 39.0 0 2 5 
8 16 17 0 4.167938529999901 0.004914819000077841 20 56 26.0 2 2 5 
8 16 17 1 4.169711852999853 0.007452748999867254 20 56 26.0 2 2 5 
8 16 18 -1 4.062317343000132 0.0033397400000012567 0 39 80.0 0 3 5 
8 16 18 0 4.095785242000147 0.009549198000058823 21 395 50.0 1 3 5 
8 16 18 1 4.413310746999969 0.011761775999957536 33 659 50.0 1 3 5 
8 16 19 -1 4.084386444000074 0.004128732000026503 0 11 37.0 0 2 5 
8 16 19 0 4.207042094999906 0.008228342000165867 22 69 23.0 2 2 5 
8 16 19 1 4.1220686110000315 0.006346683999936431 22 69 23.0 2 2 5 
8 16 20 -1 3.9325920280000446 0.004130957999905149 0 7 56.0 0 2 5 
8 16 20 0 4.202075150000155 0.004759381999974721 19 55 49.0 4 2 5 
8 16 20 1 4.188171624000006 0.004284879999886471 19 55 49.0 4 2 5 
8 16 21 -1 4.0332798019999245 0.004096140999990894 0 34 119.0 0 3 5 
8 16 21 0 4.124515623999969 0.013099459999921237 20 353 66.0 3 3 5 
8 16 21 1 5.176325553999959 0.036514204000013706 44 1287 56.0 3 3 5 
8 16 22 -1 4.040240496000024 0.003819041000042489 0 12 11.0 0 2 5 
8 16 22 0 4.050859312000057 0.004962169000009453 18 47 10.0 1 2 5 
8 16 22 1 4.061226709999801 0.007635000999925978 18 47 10.0 1 2 5 
8 16 23 -1 4.042513053999983 0.003901490000089325 0 12 43.0 0 2 5 
8 16 23 0 4.077336876000118 0.004983478999974977 22 66 22.0 2 2 5 
8 16 23 1 4.246095806000085 0.0053970960000242485 22 66 22.0 2 2 5 
8 16 24 -1 4.031873289000032 0.005230929999925138 0 14 40.0 0 2 5 
8 16 24 0 4.197887619000085 0.0068079479999596515 21 61 28.0 2 2 5 
8 16 24 1 4.098899645000074 0.006317249999938213 21 61 28.0 2 2 5 
9 18 0 -1 4.302682230000073 0.00404747400011729 0 35 28.0 0 3 5 
9 18 0 0 4.363837748000151 0.008202485999845521 22 337 27.0 1 3 5 
9 18 0 1 5.313922328999979 0.021596824999960518 50 1369 27.0 1 3 5 
9 18 1 -1 3.985240114000135 0.003654015999927651 0 8 71.0 0 2 5 
9 18 1 0 4.126589798000168 0.006236589000081949 27 66 40.0 3 2 5 
9 18 1 1 4.150444880000123 0.005629819000205316 27 66 40.0 3 2 5 
9 18 2 -1 3.8819044990000293 0.0071162140000069485 0 39 89.0 0 3 5 
9 18 2 0 4.357149053999819 0.008377703000178371 30 550 61.0 4 3 5 
9 18 2 1 4.845035729000074 0.012650239999857149 44 942 61.0 4 3 5 
9 18 3 -1 4.264076410000143 0.004429002000051696 0 23 102.0 0 3 5 
9 18 3 0 4.3604358219999995 0.006877047999978458 28 418 60.0 3 3 5 
9 18 3 1 11.218370839999807 0.09168358099987017 66 5164 60.0 4 3 5 
9 18 4 -1 4.029884152000022 0.003506173999994644 0 10 42.0 0 2 5 
9 18 4 0 4.225134491999825 0.004828599000120448 31 75 36.0 2 2 5 
9 18 4 1 4.060416411000006 0.005233987999872625 31 75 36.0 2 2 5 
9 18 5 -1 4.059514460999935 0.005696478000118077 0 12 49.0 0 2 5 
9 18 5 0 4.224173477000022 0.004683405999912793 27 63 30.0 3 2 5 
9 18 5 1 3.9054336070000772 0.004784597000025315 27 63 30.0 3 2 5 
9 18 6 -1 4.081661318999977 0.0037624939998295304 0 33 49.0 0 3 5 
9 18 6 0 4.147680406000063 0.007198034000111875 23 393 32.0 2 3 5 
9 18 6 1 5.646408930999996 0.03732211300007293 49 1701 32.0 1 3 5 
9 18 7 -1 4.039747860000034 0.0051525300000321295 0 27 72.0 0 3 5 
9 18 7 0 4.444929832999833 0.006850385999996433 30 508 65.0 4 3 5 
9 18 7 1 4.9568781309999395 0.014864978999867162 44 1180 65.0 3 3 5 
9 18 8 -1 4.013447283000005 0.004525688000057926 0 13 53.0 0 2 5 
9 18 8 0 4.059148670000013 0.005384706000086226 31 70 53.0 4 2 5 
9 18 8 1 3.9999280970000655 0.005050383000025249 31 70 53.0 4 2 5 
9 18 9 -1 3.96905098000002 0.007447167999998783 0 9 64.0 0 2 5 
9 18 9 0 3.999578274999976 0.006606693999856361 28 74 36.0 2 2 5 
9 18 9 1 4.0677502979999645 0.005702521000102934 28 74 36.0 2 2 5 
9 18 10 -1 4.000341316999993 0.004909572999849843 0 41 82.0 0 3 5 
9 18 10 0 4.189786963000188 0.007913188999964405 28 459 41.0 3 3 5 
9 18 10 1 6.467168180000044 0.04568503900009091 66 2315 41.0 3 3 5 
9 18 11 -1 4.129912453000088 0.005643677000080061 0 9 68.0 0 2 5 
9 18 11 0 4.071104310999999 0.004752265999968586 28 54 46.0 3 2 5 
9 18 11 1 4.084294305000185 0.00515348199996879 28 54 46.0 3 2 5 
9 18 12 -1 3.887367221999966 0.007143865999978516 0 12 50.0 0 2 5 
9 18 12 0 4.265878434000115 0.006249717999935456 30 76 30.0 3 2 5 
9 18 12 1 4.074613375999888 0.007121945000108099 30 76 30.0 3 2 5 
9 18 13 -1 4.134200340999996 0.004759014000001116 0 44 75.0 0 3 5 
9 18 13 0 4.364344022000068 0.006191532000002553 21 357 48.0 2 3 5 
9 18 13 1 5.4904436009999245 0.07127613800003019 59 1325 48.0 4 3 5 
9 18 14 -1 4.074602826000046 0.0036714269999720273 0 11 48.0 0 2 5 
9 18 14 0 4.115391749000082 0.005962532000012288 26 64 38.0 2 2 5 
9 18 14 1 4.0194733910000195 0.004750001000047632 26 64 38.0 2 2 5 
9 18 15 -1 4.12972982500014 0.005997910999894884 0 15 27.0 0 2 5 
9 18 15 0 4.0091043170000376 0.00647971100011091 28 58 21.0 1 2 5 
9 18 15 1 4.026924868999913 0.007030117000113023 28 58 21.0 1 2 5 
9 18 16 -1 4.0577021849999255 0.004495964000170716 0 13 33.0 0 2 5 
9 18 16 0 4.060459145000095 0.007002197000019805 26 59 29.0 1 2 5 
9 18 16 1 4.143507165000074 0.004670126000064556 26 59 29.0 1 2 5 
9 18 17 -1 4.184513187000221 0.004114083000104074 0 9 57.0 0 2 5 
9 18 17 0 4.058798200999945 0.005699104000086663 29 62 56.0 4 2 5 
9 18 17 1 3.9980154690001655 0.005468249999921682 29 62 56.0 4 2 5 
9 18 18 -1 4.069455221999988 0.0035760060000029625 0 6 85.0 0 2 5 
9 18 18 0 4.248195851999981 0.004484377999915523 23 50 75.0 5 2 5 
9 18 18 1 4.151420376000033 0.005000504000008732 23 50 75.0 5 2 5 
9 18 19 -1 4.126557602000048 0.003272820999882242 0 10 43.0 0 2 5 
9 18 19 0 4.108326503999933 0.0068603699999130185 30 70 37.0 3 2 5 
9 18 19 1 4.154353918999959 0.005039183999997476 30 70 37.0 3 2 5 
9 18 20 -1 4.052555429999984 0.006176997000011397 0 9 47.0 0 2 5 
9 18 20 0 3.962068842000008 0.00521710299994993 31 74 40.0 3 2 5 
9 18 20 1 4.263954697999907 0.006519175999983418 31 74 40.0 3 2 5 
9 18 21 -1 4.085052681999969 0.005568929999981265 0 13 27.0 0 2 5 
9 18 21 0 3.9793424249999134 0.005211594000002151 32 71 17.0 1 2 5 
9 18 21 1 4.041915572999869 0.009431059000007735 32 71 17.0 1 2 5 
9 18 22 -1 4.152891388999933 0.004208014999903753 0 10 65.0 0 2 5 
9 18 22 0 4.239106730000003 0.006203454000115016 30 76 40.0 4 2 5 
9 18 22 1 4.1393653560000985 0.00643440599992573 30 76 40.0 4 2 5 
9 18 23 -1 4.029248816000063 0.005728632000000289 0 29 60.0 0 3 5 
9 18 23 0 4.332948439999882 0.009190008999894417 26 360 52.0 4 3 5 
9 18 23 1 10.554321688000073 0.11558025199997246 72 4602 52.0 4 3 5 
9 18 24 -1 4.060364757000116 0.0034360140000444517 0 28 138.0 0 3 5 
9 18 24 0 4.414837733000013 0.007167812000034246 28 474 85.0 4 3 5 
9 18 24 1 9.16030512999987 0.08660114799999974 74 3782 85.0 5 3 5 
10 20 0 -1 4.135918235999952 0.005660781999949904 0 35 122.0 0 3 5 
10 20 0 0 4.365579891999914 0.00752016100000219 32 412 86.0 2 3 5 
10 20 0 1 22.27700581499994 0.1481770730001699 104 7732 77.0 5 3 5 
10 20 1 -1 4.286793585999931 0.004212913999936063 0 31 110.0 0 3 5 
10 20 1 0 4.515985051000143 0.010202866000099675 37 636 67.0 3 3 5 
10 20 1 1 11.094544935000158 0.11506859399992209 89 4056 67.0 3 3 5 
10 20 2 -1 3.847663897000075 0.004304905000026338 0 12 46.0 0 2 5 
10 20 2 0 4.313011261999918 0.0057916329999443406 39 80 43.0 2 2 5 
10 20 2 1 4.188088389999848 0.004747871000063242 39 80 43.0 2 2 5 
10 20 3 -1 4.035472797000011 0.0043365179999454995 0 29 137.0 0 3 5 
10 20 3 0 4.354953367000007 0.008563825999999608 34 479 59.0 2 3 5 
10 20 3 1 30.133296918000042 0.2307746210001369 90 12085 49.0 3 3 5 
10 20 4 -1 4.04982371899996 0.00453809700002239 0 31 47.0 0 3 5 
10 20 4 0 4.398779843999819 0.00814929300008771 35 547 33.0 3 3 5 
10 20 4 1 12.430966952000063 0.062036099999886574 89 4663 33.0 2 3 5 
10 20 5 -1 4.056332581999868 0.007682448999958069 0 24 103.0 0 3 5 
10 20 5 0 4.364373650000061 0.007534661000136111 33 492 71.0 4 3 5 
10 20 5 1 81.0871955319999 0.4963858989999608 129 25244 71.0 3 3 5 
10 20 6 -1 4.458076684999924 0.0055490849999841885 0 27 58.0 0 3 5 
10 20 6 0 4.171066456000062 0.0064517169998907775 28 328 46.0 4 3 5 
10 20 6 1 11.616922294999995 0.08614586700014115 94 5190 46.0 4 3 5 
10 20 7 -1 4.1154921079998985 0.004587202000038815 0 24 98.0 0 3 5 
10 20 7 0 4.220739704000152 0.009104114999900048 37 536 75.0 4 3 5 
10 20 7 1 22.74202164999997 0.1606223929998123 105 9816 75.0 3 3 5 
10 20 8 -1 3.928127843000084 0.00458156899981077 0 41 79.0 0 3 5 
10 20 8 0 4.192241144000036 0.00747952599999735 32 450 62.0 4 3 5 
10 20 8 1 9.20716455899992 0.05746625100005076 84 3642 62.0 3 3 5 
10 20 9 -1 4.02226999100003 0.00412513899982514 0 21 41.0 0 3 5 
10 20 9 0 4.323141111000041 0.007566750000023603 36 529 23.0 2 3 5 
10 20 9 1 5.411948351999854 0.02387442999997802 60 1777 23.0 1 3 5 
10 20 10 -1 3.76108603900002 0.004530835999958072 0 30 29.0 0 3 5 
10 20 10 0 4.039832853000007 0.005991578000021036 28 373 29.0 2 3 5 
10 20 10 1 7.007625934000089 0.03449049699997886 76 2809 29.0 1 3 5 
10 20 11 -1 3.8601937609998913 0.00397980900015682 0 38 45.0 0 3 5 
10 20 11 0 4.244824569000002 0.010950129000093511 32 573 28.0 2 3 5 
10 20 11 1 24.347529169999916 0.15389125399997283 100 10289 28.0 2 3 5 
10 20 12 -1 4.232517214000154 0.007087758000125177 0 8 37.0 0 2 5 
10 20 12 0 3.83222729299996 0.005209894000017812 35 72 32.0 3 2 5 
10 20 12 1 3.9793680290001703 0.007099397000047247 35 72 32.0 3 2 5 
10 20 13 -1 3.9263171000000057 0.003769893000026059 0 30 56.0 0 3 5 
10 20 13 0 4.032858155000213 0.009056251999936649 31 463 45.0 4 3 5 
10 20 13 1 20.599188152000124 0.13041813999984697 105 8317 45.0 4 3 5 
10 20 14 -1 4.208581948999836 0.003534072999855198 0 23 92.0 0 3 5 
10 20 14 0 4.244639556000038 0.01833944899999551 34 530 55.0 1 3 5 
10 20 14 1 22.043790992999902 0.18864664399984576 102 9318 55.0 2 3 5 
10 20 15 -1 4.140505575000134 0.004421337000167114 0 35 49.0 0 3 5 
10 20 15 0 4.263919391999934 0.010595918000035454 39 733 39.0 2 3 5 
10 20 15 1 5.134429064999949 0.022110311000005822 55 1373 39.0 1 3 5 
10 20 16 -1 4.114167506000058 0.004071717999977409 0 39 53.0 0 3 5 
10 20 16 0 4.40195576799988 0.008057779999944614 39 733 30.0 3 3 5 
10 20 16 1 5.295449202999862 0.021360017999995762 57 1579 30.0 3 3 5 
10 20 17 -1 4.139234369000178 0.004414469000039389 0 34 34.0 0 3 5 
10 20 17 0 4.276756887000374 0.009284646000196517 41 716 20.0 2 3 5 
10 20 17 1 5.579311979000067 0.03397800799984907 67 1700 20.0 2 3 5 
10 20 18 -1 3.937622661000205 0.005193356000290805 0 26 89.0 0 3 5 
10 20 18 0 4.027212623999731 0.007479155000055471 33 519 65.0 3 3 5 
10 20 18 1 8.914099886999793 0.06945881799993003 79 3705 65.0 3 3 5 
10 20 19 -1 4.241657841999768 0.00417036500039103 0 13 64.0 0 2 5 
10 20 19 0 4.171902940000109 0.0076911860001018795 37 94 41.0 2 2 5 
10 20 19 1 3.9420048940000925 0.008267763999810995 37 94 41.0 2 2 5 
10 20 20 -1 4.20371107200026 0.0047561790001964255 0 37 44.0 0 3 5 
10 20 20 0 4.244618927999909 0.010643110000273737 39 742 31.0 3 3 5 
10 20 20 1 5.840468001999852 0.026034313999844017 75 1900 31.0 3 3 5 
10 20 21 -1 4.01917874999981 0.0041686350000418315 0 20 129.0 0 3 5 
10 20 21 0 4.146527411000079 0.012899136999749317 26 352 63.0 2 3 5 
10 20 21 1 52.12289658100008 0.3202436769997803 122 17956 63.0 2 3 5 
10 20 22 -1 3.9794665109998277 0.005149548000190407 0 31 103.0 0 3 5 
10 20 22 0 4.190759899999648 0.009885511999982555 33 498 73.0 4 3 5 
10 20 22 1 19.903418114000033 0.14359419500033255 103 8200 73.0 1 3 5 
10 20 23 -1 3.830901279000045 0.005204159999721014 0 27 48.0 0 3 5 
10 20 23 0 4.248015660999954 0.009117671999774757 35 540 45.0 1 3 5 
10 20 23 1 14.522028746999695 0.12627710900005695 99 6024 45.0 3 3 5 
10 20 24 -1 4.376284824999857 0.0033021449999068864 0 40 52.0 0 3 5 
10 20 24 0 4.227786318000199 0.009673493999798666 42 840 44.0 2 3 5 
10 20 24 1 8.06943599799979 0.04546726899980058 82 3240 44.0 3 3 5 
11 22 0 -1 4.10487146000014 0.003407778000109829 0 9 41.0 0 2 5 
11 22 0 0 3.9644572150000386 0.005801673999940249 47 77 33.0 3 2 5 
11 22 0 1 4.148594277000029 0.0102986509996299 47 77 33.0 3 2 5 
11 22 1 -1 4.118862137000178 0.00363494700013689 0 25 142.0 0 3 5 
11 22 1 0 4.470224166000207 0.016885688999991544 47 724 73.0 3 3 5 
11 22 1 1 48.184764577999886 0.32946965399969486 113 17834 53.0 4 3 5 
11 22 2 -1 4.243047615999785 0.0064585560003251885 0 37 69.0 0 3 5 
11 22 2 0 4.429683922999629 0.009466975000123057 43 680 61.0 1 3 5 
11 22 2 1 6.1194524689999525 0.03939438399993378 75 2072 61.0 4 3 5 
11 22 3 -1 4.100429703999907 0.0039989990000321995 0 21 143.0 0 3 5 
11 22 3 0 4.082536953999806 0.013963260999844351 38 502 66.0 2 3 5 
11 22 3 1 19.142580951000127 0.1465244519999942 116 6988 56.0 4 3 5 
11 22 4 -1 4.141853233999882 0.005314973999702488 0 9 62.0 0 2 5 
11 22 4 0 4.179440645999875 0.008670710999922449 48 79 48.0 3 2 5 
11 22 4 1 3.955297013999825 0.008829160999994201 48 79 48.0 3 2 5 
11 22 5 -1 4.051826943000378 0.006151052999939566 0 41 32.0 0 3 5 
11 22 5 0 4.889514738999878 0.013283995999699982 43 697 32.0 1 3 5 
11 22 5 1 9.037107711999852 0.04190318799965098 99 2961 32.0 0 3 5 
11 22 6 -1 4.007418596000207 0.003931998000098247 0 8 53.0 0 2 5 
11 22 6 0 3.9262515760001406 0.005936828999892896 40 64 53.0 3 2 5 
11 22 6 1 3.9715716320001775 0.005621801000415871 40 64 53.0 3 2 5 
11 22 7 -1 3.9588195159999486 0.0034081010003319534 0 30 66.0 0 3 5 
11 22 7 0 4.233040708999852 0.009530106000056549 43 686 28.0 1 3 5 
11 22 7 1 7.737857733000055 0.042036474000269664 87 2878 28.0 1 3 5 
11 22 8 -1 4.091151426000124 0.003698825999890687 0 78 150.0 0 4 5 
11 22 8 0 5.358144761999938 0.033668695999949705 33 2792 100.0 3 4 5 
11 22 8 1 720.390907168 24.70404055300014 153 195178 100.0 7 4 5 
11 22 9 -1 4.99326541299979 0.011458952999873873 0 25 145.0 0 3 5 
11 22 9 0 4.181516009999996 0.01108842600024218 42 503 68.0 3 3 5 
11 22 9 1 22.83744283399983 0.1489034369997171 118 9107 68.0 5 3 5 
11 22 10 -1 4.0660315959999025 0.004410287000155222 0 42 52.0 0 3 5 
11 22 10 0 4.410081262999938 0.010315655000340485 47 810 33.0 3 3 5 
11 22 10 1 5.5134434060000785 0.01885556400020505 77 1612 33.0 2 3 5 
11 22 11 -1 3.959308213999975 0.004615697999724944 0 33 76.0 0 3 5 
11 22 11 0 4.345081104000201 0.015337772000293626 43 563 49.0 4 3 5 
11 22 11 1 23.979609056999834 0.29891230899966104 133 9015 49.0 4 3 5 
11 22 12 -1 3.988588781999624 0.004070564999892667 0 40 38.0 0 3 5 
11 22 12 0 4.66116543399994 0.011518985999828146 45 731 36.0 1 3 5 
11 22 12 1 16.577210180000293 0.12560716899997715 103 6377 36.0 3 3 5 
11 22 13 -1 4.151163990999976 0.0033610210002734675 0 12 46.0 0 2 5 
11 22 13 0 4.110067292999702 0.005809970999962388 48 85 40.0 3 2 5 
11 22 13 1 3.916722653999841 0.005496003999724053 48 85 40.0 3 2 5 
11 22 14 -1 3.922972677999951 0.004309094999825902 0 30 146.0 0 3 5 
11 22 14 0 4.4783094760000495 0.01294986599987169 43 654 88.0 3 3 5 
11 22 14 1 17.543915728999764 0.12215658200011603 95 7128 80.0 3 3 5 
11 22 15 -1 3.9875981039999715 0.004008108000107313 0 39 74.0 0 3 5 
11 22 15 0 4.616528919999837 0.015520797000135644 50 838 44.0 3 3 5 
11 22 15 1 6.612585079999917 0.03745838399981949 84 2002 44.0 4 3 5 
11 22 16 -1 4.130360812000163 0.003691924000122526 0 13 33.0 0 2 5 
11 22 16 0 4.035539317000257 0.005520240999885573 49 79 29.0 2 2 5 
11 22 16 1 4.128617469999881 0.005372349000026588 49 79 29.0 2 2 5 
11 22 17 -1 3.904224070000055 0.004251943999861396 0 9 45.0 0 2 5 
11 22 17 0 4.226764738999918 0.014709197999764001 38 62 36.0 3 2 5 
11 22 17 1 4.064850645000206 0.006357698000101664 38 62 36.0 3 2 5 
11 22 18 -1 3.8558626409999306 0.003554937999979302 0 39 27.0 0 3 5 
11 22 18 0 4.336295227999926 0.010518444000354066 44 644 27.0 1 3 5 
11 22 18 1 21.37131000599993 0.17058947500026989 134 7496 27.0 0 3 5 
11 22 19 -1 3.7765859669998463 0.003953763000026811 0 8 51.0 0 2 5 
11 22 19 0 4.033729993000179 0.005630403999930422 40 60 37.0 3 2 5 
11 22 19 1 3.8930577670003004 0.005304005999732908 40 60 37.0 3 2 5 
11 22 20 -1 4.00847890499972 0.0032532589998481853 0 7 59.0 0 2 5 
11 22 20 0 4.133234875000198 0.005836027999976068 41 65 44.0 4 2 5 
11 22 20 1 3.967226541999935 0.004910411999844655 41 65 44.0 4 2 5 
11 22 21 -1 4.045513850000134 0.004047896999963996 0 35 78.0 0 3 5 
11 22 21 0 4.403699720000077 0.008125457000005554 37 419 53.0 2 3 5 
11 22 21 1 24.428897028999927 0.1620574159996977 117 9279 48.0 2 3 5 
11 22 22 -1 4.14889290300016 0.005697385000075883 0 30 70.0 0 3 5 
11 22 22 0 4.753115772000001 0.011144750000312342 50 822 47.0 4 3 5 
11 22 22 1 5.823268651000035 0.022583677000056923 70 1902 47.0 4 3 5 
11 22 23 -1 4.017130797999926 0.003781234999678418 0 31 91.0 0 3 5 
11 22 23 0 4.43883402199981 0.009611826999844197 43 684 62.0 3 3 5 
11 22 23 1 11.664140302000305 0.08988191500020548 91 4872 62.0 5 3 5 
11 22 24 -1 4.082371796000189 0.0038210910001907905 0 27 110.0 0 3 5 
11 22 24 0 4.199440567999773 0.012475990999973874 38 502 75.0 4 3 5 
11 22 24 1 17.468340777999856 0.14311283999995794 102 7044 65.0 4 3 5 
12 24 0 -1 4.159040141999867 0.00358558899961281 0 38 52.0 0 3 5 
12 24 0 0 4.686029853000036 0.012800256999980775 54 869 52.0 1 3 5 
12 24 0 1 10.768592976000036 0.05748489799998424 110 3767 52.0 1 3 5 
12 24 1 -1 4.263358978999804 0.004877813999883074 0 24 129.0 0 3 5 
12 24 1 0 4.519653320999623 0.012657356000090658 53 665 64.0 3 3 5 
12 24 1 1 85.5299591590001 0.5541265709998697 161 24841 64.0 3 3 5 
12 24 2 -1 4.136756730999878 0.012126527999953396 0 19 105.0 0 3 5 
12 24 2 0 4.208823033000044 0.007009577000189893 39 352 59.0 4 3 5 
12 24 2 1 109.25774586600028 0.8162066629997753 187 27820 59.0 5 3 5 
12 24 3 -1 4.047606574000383 0.005131551999966177 0 26 96.0 0 3 5 
12 24 3 0 4.3955777500000295 0.020200631999614416 53 744 59.0 4 3 5 
12 24 3 1 82.34623139400037 0.5206232759996965 181 21968 59.0 4 3 5 
12 24 4 -1 3.855361919000188 0.010084406999794737 0 17 114.0 0 3 5 
12 24 4 0 4.672058203999768 0.01197804499997801 55 727 70.0 4 3 5 
12 24 4 1 127.53146463800022 0.7145917230000123 175 33061 70.0 4 3 5 
12 24 5 -1 3.883939289999944 0.01480862199969124 0 37 91.0 0 3 5 
12 24 5 0 4.383803850000277 0.011882805000368535 49 763 67.0 4 3 5 
12 24 5 1 42.000173825000275 0.18616150200023185 181 10659 67.0 3 3 5 
12 24 6 -1 3.967678144999809 0.00422625600003812 0 26 55.0 0 3 5 
12 24 6 0 4.214788356000099 0.008007233999705932 46 553 49.0 3 3 5 
12 24 6 1 37.17066656099996 0.14368433699974048 176 10547 49.0 2 3 5 
12 24 7 -1 3.830774521999956 0.004099937999853864 0 24 107.0 0 3 5 
12 24 7 0 4.37755882700003 0.015264425000168558 53 739 76.0 4 3 5 
12 24 7 1 54.53303356799961 0.381154081999739 167 16219 76.0 5 3 5 
12 24 8 -1 3.8767733419999786 0.0048375690003013005 0 35 97.0 0 3 5 
12 24 8 0 4.48367363700072 0.011914081999748305 56 816 69.0 4 3 5 
12 24 8 1 50.73116365199985 0.2937540579996494 148 15904 69.0 4 3 5 
12 24 9 -1 4.0848227609994865 0.004360530000667495 0 33 67.0 0 3 5 
12 24 9 0 4.511017961999642 0.008970320000116772 50 597 67.0 4 3 5 
12 24 9 1 52.64078444400002 0.25615680999999313 184 14007 67.0 2 3 5 
12 24 10 -1 3.850506368000424 0.005669973999829381 0 20 128.0 0 3 5 
12 24 10 0 4.5131629280003835 0.013942614000370668 54 770 71.0 4 3 5 
12 24 10 1 30.228309506000187 0.17892611799925362 142 10220 61.0 5 3 5 
12 24 11 -1 3.9859866529995998 0.003640476999862585 0 35 61.0 0 3 5 
12 24 11 0 4.509419933000572 0.019317700000101468 55 808 60.0 3 3 5 
12 24 11 1 18.234037784000066 0.127640134000103 123 6748 60.0 2 3 5 
12 24 12 -1 3.774047709000115 0.0052662060006696265 0 31 55.0 0 3 5 
12 24 12 0 4.701285654999992 0.011303598000267812 55 813 46.0 4 3 5 
12 24 12 1 18.117354746000274 0.1612185040003169 131 6673 46.0 3 3 5 
12 24 13 -1 3.8255578990001595 0.0043044209996878635 0 31 77.0 0 3 5 
12 24 13 0 4.284120825000173 0.009850585000094725 48 668 49.0 2 3 5 
12 24 13 1 52.7450393930003 0.2404758339998807 172 14720 49.0 3 3 5 
12 24 14 -1 4.103215522999562 0.004029598999295558 0 23 63.0 0 3 5 
12 24 14 0 4.490778274000149 0.01008283000010124 52 638 54.0 3 3 5 
12 24 14 1 26.459863973999745 0.1512202800004161 148 9198 54.0 4 3 5 
12 24 15 -1 4.139626915999543 0.004224203000376292 0 27 65.0 0 3 5 
12 24 15 0 4.438870425999994 0.013285462999192532 53 759 58.0 5 3 5 
12 24 15 1 42.8270219900005 0.25210786600018764 163 12645 58.0 5 3 5 
12 24 16 -1 3.8169623049998336 0.003921346999959496 0 30 80.0 0 3 5 
12 24 16 0 4.5156923719996485 0.01249201000064204 56 844 55.0 3 3 5 
12 24 16 1 14.45582053599992 0.08778620300017792 128 4966 55.0 4 3 5 
12 24 17 -1 3.983977257999868 0.00389745399934327 0 19 147.0 0 3 5 
12 24 17 0 4.396829068000443 0.011634820999461226 50 533 93.0 4 3 5 
12 24 17 1 302.10700292100046 3.277301719999741 230 60423 93.0 5 3 5 
12 24 18 -1 4.371017458000097 0.012067908999597421 0 21 100.0 0 3 5 
12 24 18 0 4.378162588000123 0.013297380000039993 54 842 72.0 5 3 5 
12 24 18 1 90.53970617199957 0.4992524110002705 184 23272 72.0 4 3 5 
12 24 19 -1 4.214530491000005 0.004646766000405478 0 28 73.0 0 3 5 
12 24 19 0 4.306599215999995 0.01280318899989652 54 685 64.0 5 3 5 
12 24 19 1 32.75789772100052 0.3488800770001035 150 11421 64.0 5 3 5 
12 24 20 -1 3.9821890270004587 0.004241435000039928 0 22 68.0 0 3 5 
12 24 20 0 4.283912175000296 0.007903199000793393 52 683 62.0 2 3 5 
12 24 20 1 19.793841337999766 0.09855683000023419 136 6995 62.0 3 3 5 
12 24 21 -1 3.946934990000045 0.0038234419998843805 0 32 100.0 0 3 5 
12 24 21 0 4.302209038000001 0.013406561000010697 49 667 64.0 5 3 5 
12 24 21 1 70.55030638599965 0.3373132460001216 169 19351 64.0 5 3 5 
12 24 22 -1 4.22392765099994 0.004342400000496127 0 36 102.0 0 3 5 
12 24 22 0 4.592576518999522 0.01803822100009711 55 915 66.0 1 3 5 
12 24 22 1 26.51874917100031 0.21120341699952405 139 8791 66.0 3 3 5 
12 24 23 -1 3.8553640829995857 0.0040962500006571645 0 40 73.0 0 3 5 
12 24 23 0 4.668527476000236 0.0144876780004779 52 853 52.0 2 3 5 
12 24 23 1 41.05384309600049 0.22214719399926253 148 12165 52.0 3 3 5 
12 24 24 -1 3.918587776000095 0.004449698999451357 0 25 79.0 0 3 5 
12 24 24 0 4.440483516000313 0.018622255999616755 56 788 60.0 4 3 5 
12 24 24 1 9.603758627999923 0.036773956000615726 98 3630 60.0 5 3 5 
13 26 0 -1 3.9006235289998585 0.0037731570000687498 0 35 84.0 0 3 5 
13 26 0 0 4.565272459999505 0.018139216999770724 62 988 72.0 4 3 5 
13 26 0 1 36.00383504799993 0.28156738999950903 202 8934 72.0 4 3 5 
13 26 1 -1 3.864044412000112 0.004105901000002632 0 31 93.0 0 3 5 
13 26 1 0 4.465595938000661 0.011520823999489949 59 747 63.0 3 3 5 
13 26 1 1 281.22936038899934 1.6261074690000896 259 51257 63.0 5 3 5 
13 26 2 -1 4.040563339000073 0.008499849000145332 0 24 39.0 0 3 5 
13 26 2 0 4.507608138999785 0.01328885699967941 56 750 33.0 2 3 5 
13 26 2 1 10.412037263999991 0.047389446000124735 112 3526 33.0 2 3 5 
13 26 3 -1 3.7623722990001625 0.0048220150001725415 0 43 30.0 0 3 5 
13 26 3 0 4.49803440300002 0.010913348000030965 58 769 28.0 2 3 5 
13 26 3 1 33.50159916099983 0.11184951100040053 194 9309 28.0 2 3 5 
13 26 4 -1 4.284871254999416 0.0037697849993492127 0 10 42.0 0 2 5 
13 26 4 0 4.008984590999717 0.013217134999649716 71 99 30.0 2 2 5 
13 26 4 1 4.097228792999886 0.007307240000045567 71 99 30.0 2 2 5 
13 26 5 -1 3.9579712260001543 0.005202681999435299 0 29 52.0 0 3 5 
13 26 5 0 5.054671298000358 0.01225421599974652 68 985 50.0 3 3 5 
13 26 5 1 29.218377744000463 0.14691111100000853 152 9395 50.0 3 3 5 
13 26 6 -1 4.128305100000034 0.008903453999664634 0 34 65.0 0 3 5 
13 26 6 0 4.7033329650003 0.01200078100009705 65 964 47.0 4 3 5 
13 26 6 1 14.211453314999744 0.05755901999964408 129 4532 47.0 4 3 5 
13 26 7 -1 3.967119299000842 0.003656171999864455 0 30 104.0 0 3 5 
13 26 7 0 4.458573865999824 0.009979315999771643 55 614 79.0 5 3 5 
13 26 7 1 92.78068583999993 1.0725318300001163 211 22838 79.0 6 3 5 
13 26 8 -1 3.878254651000134 0.004934248999234114 0 42 50.0 0 3 5 
13 26 8 0 4.295939868999994 0.009500117000243335 57 671 50.0 2 3 5 
13 26 8 1 24.801792653999655 0.11451037799997721 147 7385 50.0 3 3 5 
13 26 9 -1 3.9197604679993674 0.0036911309998686193 0 28 63.0 0 3 5 
13 26 9 0 4.720377513999665 0.012431464000655978 67 1082 48.0 4 3 5 
13 26 9 1 19.14040520599974 0.10258608999993157 137 6332 48.0 3 3 5 
13 26 10 -1 5.605819751999661 0.010598834000120405 0 28 117.0 0 3 5 
13 26 10 0 4.988851207999687 0.010983116999341291 56 780 58.0 3 3 5 
13 26 10 1 155.48010209699987 0.5694834460000493 218 32706 48.0 4 3 5 
13 26 11 -1 3.8768618029998834 0.00635067299936054 0 19 100.0 0 3 5 
13 26 11 0 4.818748902999687 0.012859624999691732 73 1025 67.0 3 3 5 
13 26 11 1 62.74664283700076 0.44376170100076706 165 18159 67.0 5 3 5 
13 26 12 -1 3.8919912530000147 0.00456402799954958 0 15 130.0 0 3 5 
13 26 12 0 4.515409436000482 0.011461440000857692 67 755 84.0 4 3 5 
13 26 12 1 50.430752318000486 0.4353654770002322 169 14661 76.0 4 3 5 
13 26 13 -1 4.073500114999661 0.005159784000170475 0 9 67.0 0 2 5 
13 26 13 0 3.9777247289994193 0.01225176299976738 70 87 67.0 4 2 5 
13 26 13 1 4.058667438000157 0.006791182999222656 70 87 67.0 4 2 5 
13 26 14 -1 3.902054041000156 0.004008160999546817 0 31 84.0 0 3 5 
13 26 14 0 4.567999607999809 0.011429641000177071 65 939 60.0 2 3 5 
13 26 14 1 53.72148738099986 0.34491088899994793 187 13967 60.0 4 3 5 
13 26 15 -1 3.9079336479999256 0.004066350000357488 0 9 43.0 0 2 5 
13 26 15 0 3.9705043029998706 0.006418484000278113 70 98 38.0 2 2 5 
13 26 15 1 4.041064237999308 0.005633020999994187 70 98 38.0 2 2 5 
13 26 16 -1 3.8676120440004524 0.004431379999914498 0 23 73.0 0 3 5 
13 26 16 0 4.580508125000051 0.011527857000146469 62 821 71.0 4 3 5 
13 26 16 1 60.23721912400015 0.3673917579999397 214 14783 71.0 5 3 5 
13 26 17 -1 4.046776590000263 0.004588892000356282 0 35 103.0 0 3 5 
13 26 17 0 4.772722595999767 0.015740816999823437 67 1129 83.0 3 3 5 
13 26 17 1 59.87828307200016 0.3340963789996749 193 15487 83.0 5 3 5 
13 26 18 -1 3.9305396440004188 0.004694317999565101 0 10 65.0 0 2 5 
13 26 18 0 3.847676092999791 0.006183868000334769 64 79 44.0 4 2 5 
13 26 18 1 4.096459418999984 0.006275011000070663 64 79 44.0 4 2 5 
13 26 19 -1 4.154779148000671 0.0035499349996825913 0 28 86.0 0 3 5 
13 26 19 0 4.244063069000731 0.008837295999910566 51 608 50.0 3 3 5 
13 26 19 1 110.21988609500022 0.5548944519996439 245 22986 50.0 2 3 5 
13 26 20 -1 3.937777076000202 0.011496381999677396 0 26 186.0 0 3 5 
13 26 20 0 4.545859607000239 0.017681387000266113 63 814 100.0 3 3 5 
13 26 20 1 327.4167350079997 1.2662408699998196 223 64276 90.0 5 3 5 
13 26 21 -1 4.284458121000171 0.007094839999808755 0 28 115.0 0 3 5 
13 26 21 0 4.652863852999872 0.011412157000449952 60 765 76.0 5 3 5 
13 26 21 1 15.393421409999974 0.0770115489995078 124 5531 76.0 5 3 5 
13 26 22 -1 3.840264968000156 0.003583970999898156 0 7 50.0 0 2 5 
13 26 22 0 4.053347424999629 0.0066533039998830645 72 77 50.0 2 2 5 
13 26 22 1 4.2023476210006265 0.005928593000135152 72 77 50.0 2 2 5 
13 26 23 -1 3.9264901589995134 0.0043283079994580476 0 11 159.0 0 3 5 
13 26 23 0 4.08368757900007 0.009904507999635825 56 485 92.0 4 3 5 
13 26 23 1 334.60159599799954 2.7934474569992744 246 60919 92.0 6 3 5 
13 26 24 -1 4.399319469999682 0.016787970999757817 0 34 59.0 0 3 5 
13 26 24 0 4.544589884999368 0.014070563999666774 64 952 24.0 2 3 5 
13 26 24 1 13.809298316999957 0.06908159900012834 126 4728 24.0 2 3 5 
14 28 0 -1 4.01774229900002 0.003980817000410752 0 30 27.0 0 3 5 
14 28 0 0 4.808526548999907 0.012536293999801273 70 972 20.0 2 3 5 
14 28 0 1 77.03608835400064 0.20093718199950672 270 15444 20.0 2 3 5 
14 28 1 -1 3.8780798170000708 0.004794323000169243 0 23 134.0 0 3 5 
14 28 1 0 4.926587308999842 0.024722010000004957 73 932 77.0 4 3 5 
14 28 1 1 578.2989283489997 2.3654513869996663 291 88068 77.0 5 3 5 
14 28 2 -1 4.561248214999978 0.01014956900053221 0 22 76.0 0 3 5 
14 28 2 0 5.161555582999426 0.014547802999913984 72 1065 68.0 5 3 5 
14 28 2 1 19.208308545000364 0.12157403499986685 138 5901 68.0 4 3 5 
14 28 3 -1 4.156340053999884 0.00395744600064063 0 25 93.0 0 3 5 
14 28 3 0 4.816643938999732 0.012065414999597124 73 880 79.0 4 3 5 
14 28 3 1 227.45036724300007 1.0031859560003795 285 37664 79.0 4 3 5 
14 28 4 -1 4.32199704300001 0.01642255499973544 0 40 93.0 0 3 5 
14 28 4 0 5.313771551999707 0.016919573000450328 75 1100 73.0 2 3 5 
14 28 4 1 170.01043028500044 0.599489103000451 253 32060 73.0 3 3 5 
14 28 5 -1 4.241254790998937 0.010308329001418315 0 34 68.0 0 3 5 
14 28 5 0 5.050228600000992 0.014301565999630839 75 1098 62.0 4 3 5 
14 28 5 1 331.5613543749987 1.1819669870001235 261 57080 62.0 4 3 5 
14 28 6 -1 4.6860307790011575 0.00834688999930222 0 15 169.0 0 3 5 
14 28 6 0 4.639006720999532 0.01703888700103562 61 628 91.0 4 3 5 
14 28 6 1 294.55822137999894 1.0944375839990244 277 47378 91.0 5 3 5 
14 28 7 -1 4.3873982050008635 0.005685170001015649 0 21 193.0 0 3 5 
14 28 7 0 4.7145246529998985 0.01643330499973672 70 762 106.0 4 3 5 
14 28 7 1 176.32390479999958 0.7220559150009649 228 35678 96.0 5 3 5 
14 28 8 -1 4.291395381998882 0.008682391000547796 0 37 66.0 0 3 5 
14 28 8 0 5.417002096999568 0.016090467001049547 73 1224 40.0 4 3 5 
14 28 8 1 53.31286509900019 0.1335827419989073 269 10064 40.0 4 3 5 
14 28 9 -1 3.976035165000212 0.005019268000978627 0 31 104.0 0 3 5 
14 28 9 0 5.008851611999489 0.01162464099979843 67 970 68.0 4 3 5 
14 28 9 1 169.9295452740007 0.5777852639985213 267 29880 68.0 4 3 5 
14 28 10 -1 4.4407127180002135 0.008377006999580772 0 12 43.0 0 2 5 
14 28 10 0 4.1276619660002325 0.006287857000643271 71 76 32.0 3 2 5 
14 28 10 1 4.2718857410000055 0.00794102399959229 71 76 32.0 3 2 5 
14 28 11 -1 4.123138200999165 0.0038735999987693503 0 31 97.0 0 3 5 
14 28 11 0 4.3983589470008155 0.011672592001559678 61 726 53.0 3 3 5 
14 28 11 1 223.39404362000096 0.5983245170009468 291 35610 53.0 4 3 5 
14 28 12 -1 4.545986774000994 0.011327828999128542 0 30 53.0 0 3 5 
14 28 12 0 4.9882353890006925 0.01352722400042694 71 950 39.0 3 3 5 
14 28 12 1 155.32278212100027 0.919155971998407 285 28284 39.0 3 3 5 
14 28 13 -1 4.016434975001175 0.011486739998872508 0 46 85.0 0 3 5 
14 28 13 0 5.328654182001628 0.014361823999934131 72 1100 47.0 3 3 5 
14 28 13 1 34.64951119699981 0.12651351199929195 230 7862 47.0 4 3 5 
14 28 14 -1 4.137412518999554 0.0038676249987474876 0 15 98.0 0 3 5 
14 28 14 0 4.753122864000034 0.013530386000638828 67 734 56.0 3 3 5 
14 28 14 1 491.3834617749999 1.2267202789989824 329 65010 56.0 5 3 5 
14 28 15 -1 4.449915044999216 0.012446325999917462 0 28 97.0 0 3 5 
14 28 15 0 4.802959946000556 0.010926508999546058 67 780 64.0 3 3 5 
14 28 15 1 402.079504931 2.8080248849983036 329 56852 64.0 4 3 5 
14 28 16 -1 4.542858786999204 0.007586660000015399 0 38 52.0 0 3 5 
14 28 16 0 5.188856761000352 0.013165570000637672 70 961 36.0 2 3 5 
14 28 16 1 143.84016169799906 0.5348808319995442 278 25117 36.0 3 3 5 
14 28 17 -1 4.3702367750011035 0.005128101000082097 0 22 106.0 0 3 5 
14 28 17 0 4.311858994000431 0.01018592400032503 51 452 64.0 3 3 5 
14 28 17 1 71.81252236199907 0.3385253910000756 219 15214 64.0 5 3 5 
14 28 18 -1 4.381159755001136 0.004814009000256192 0 15 155.0 0 3 5 
14 28 18 0 4.662442483999257 0.018479157000911073 70 723 88.0 2 3 5 
14 28 18 1 287.3069323290001 1.1792412730010255 242 51831 88.0 3 3 5 
14 28 19 -1 4.735040061999825 0.008252180999988923 0 33 66.0 0 3 5 
14 28 19 0 4.963038414000039 0.010526259000471327 71 937 53.0 3 3 5 
14 28 19 1 131.1497470260001 0.66879724699902 287 23877 53.0 4 3 5 
14 28 20 -1 4.4136503339996125 0.006848536999314092 0 26 109.0 0 3 5 
14 28 20 0 4.859293026000159 0.010609461000058218 64 672 79.0 5 3 5 
14 28 20 1 268.7860146660005 1.483693725998819 290 44484 79.0 3 3 5 
14 28 21 -1 4.4643003860001045 0.005756002999987686 0 13 144.0 0 3 5 
14 28 21 0 4.514127481999822 0.011624818998825504 50 385 77.0 2 3 5 
14 28 21 1 54.91357995600083 0.28737540899965097 194 13493 77.0 2 3 5 
14 28 22 -1 4.154453965000357 0.004552409998723306 0 7 74.0 0 2 5 
14 28 22 0 4.3787612010000885 0.009379451999848243 86 115 60.0 5 2 5 
14 28 22 1 4.311899192000055 0.006624781999562401 86 115 60.0 5 2 5 
14 28 23 -1 4.102953472998706 0.004288037000151235 0 19 171.0 0 3 5 
14 28 23 0 5.202654852000705 0.020442211000045063 73 953 104.0 3 3 5 
14 28 23 1 577.4651902639998 2.0593436529998144 305 82953 104.0 3 3 5 
14 28 24 -1 4.529031267000391 0.016467809000459965 0 43 63.0 0 3 5 
14 28 24 0 4.949874094001643 0.01851253600034397 64 856 53.0 2 3 5 
14 28 24 1 64.8825354569999 0.4214505010004359 252 13908 53.0 3 3 5 
15 30 0 -1 4.0671128679987305 0.0055215270003827754 0 21 77.0 0 3 5 
15 30 0 0 4.750177862999408 0.010720258000219474 65 698 61.0 3 3 5 
15 30 0 1 208.05573342299977 0.716078857998582 297 32404 61.0 5 3 5 
15 30 1 -1 3.973651747000986 0.014898219000315294 0 25 102.0 0 3 5 
15 30 1 0 4.862991063000663 0.015925359000902972 81 933 68.0 3 3 5 
15 30 1 1 32.664525971998955 0.15278604299965082 177 9537 68.0 2 3 5 
15 30 2 -1 4.214928059000158 0.004280374001609744 0 30 63.0 0 3 5 
15 30 2 0 5.133032646999709 0.01975299200057634 88 1173 45.0 3 3 5 
15 30 2 1 270.6294084450001 0.8084310279991769 284 45537 45.0 3 3 5 
15 30 3 -1 4.448767922998741 0.005264743998850463 0 36 63.0 0 3 5 
15 30 3 0 6.022564245000467 0.02419499099960376 84 1139 49.0 3 3 5 
15 30 3 1 45.29890931599948 0.17513716599933105 198 11279 49.0 3 3 5 
15 30 4 -1 4.098156268999446 0.004550282001218875 0 20 90.0 0 3 5 
15 30 4 0 5.408577284000785 0.017060594000213314 80 968 57.0 3 3 5 
15 30 4 1 397.97886169400044 1.4804969889992208 348 52114 57.0 3 3 5 
15 30 5 -1 4.527389696000682 0.006984174999161041 0 29 124.0 0 3 5 
15 30 5 0 4.908313428999463 0.022391167998648598 77 896 65.0 3 3 5 
15 30 5 1 777.1946486249999 1.9397202930013009 365 91650 65.0 5 3 5 
15 30 6 -1 4.716962548000083 0.008691416000147001 0 30 83.0 0 3 5 
15 30 6 0 5.334603560000687 0.015283803999409429 86 1083 54.0 3 3 5 
15 30 6 1 177.73523364200082 0.5014616949993069 284 29489 54.0 3 3 5 
15 30 7 -1 4.415540095000324 0.005066080999313272 0 6 78.0 0 2 5 
15 30 7 0 4.255730588000006 0.007080780000251252 85 84 63.0 4 2 5 
15 30 7 1 4.17616989400085 0.008522992999132839 85 84 63.0 4 2 5 
15 30 8 -1 3.890540180998869 0.006146637999336235 0 37 91.0 0 3 5 
15 30 8 0 5.442243984000015 0.01988733100006357 90 1366 74.0 5 3 5 
15 30 8 1 170.04913382300037 0.9063034390001121 262 28798 74.0 6 3 5 
15 30 9 -1 4.6132241360010084 0.00784110899985535 0 25 93.0 0 3 5 
15 30 9 0 5.336513616000957 0.014255105999836815 84 1115 67.0 4 3 5 
15 30 9 1 37.10433910900065 0.1676232469999377 186 9503 67.0 3 3 5 
15 30 10 -1 4.523324977999437 0.00732418200095708 0 31 97.0 0 3 5 
15 30 10 0 5.326303788999212 0.013400788000581088 86 951 60.0 3 3 5 
15 30 10 1 210.22135113699915 2.0390811529996427 290 33471 60.0 5 3 5 
15 30 11 -1 4.723472409999886 0.007080634000885766 0 35 76.0 0 3 5 
15 30 11 0 5.367904995000572 0.0188894299990352 82 1085 73.0 4 3 5 
15 30 11 1 135.699981157999 0.8100449140001729 318 21629 73.0 2 3 5 
15 30 12 -1 4.5062594920000265 0.006935802000953117 0 22 93.0 0 3 5 
15 30 12 0 5.314785193000716 0.023003457999948296 84 1060 67.0 3 3 5 
15 30 12 1 281.7044025129999 2.863578562000839 294 44208 67.0 4 3 5 
15 30 14 -1 6.024453331999999 0.039748970999999855 0 24 100.0 0 3 5 
15 30 14 0 7.405961684000001 0.02307446400000046 85 1112 67.0 4 3 5 
15 30 14 1 252.609703968 0.7534144280000419 279 35730 67.0 6 3 5 
15 30 15 -1 3.858341526000004 0.004518601000029321 0 24 57.0 0 3 5 
15 30 15 0 4.115042896999967 0.011238938000019516 71 764 54.0 3 3 5 
15 30 15 1 190.39844655899998 1.100541136000004 315 28666 54.0 4 3 5 
15 30 16 -1 9.027282548999949 0.008083182000007127 0 111 47.0 0 4 5 
15 30 16 0 21.777182632999995 0.1444468180000058 74 11126 32.0 3 4 5 
15 30 16 1 4125.4928944779995 61.78134179799963 280 638396 32.0 3 4 5 
15 30 17 -1 6.0544962490002945 0.04291502599971864 0 20 119.0 0 3 5 
15 30 17 0 3.778492473999904 0.01312137500008248 80 834 87.0 5 3 5 
15 30 17 1 719.6429272739997 3.7031173659997876 358 98002 87.0 5 3 5 
15 30 18 -1 3.446705794999616 0.007305670000278042 0 34 88.0 0 3 5 
15 30 18 0 3.887445903000298 0.011036126000362856 76 932 63.0 2 3 5 
15 30 18 1 99.13789105599972 0.4624828579999303 238 21898 63.0 3 3 5 
15 30 19 -1 5.167979146000107 0.005723610000131885 0 23 80.0 0 3 5 
15 30 19 0 5.0558571499996106 0.012890607000372256 82 922 61.0 2 3 5 
15 30 19 1 373.87273618200015 1.140719099999842 308 51922 61.0 4 3 5 
15 30 20 -1 3.3119975409999824 0.015076657999998133 0 15 163.0 0 3 5 
15 30 20 0 3.526859505000175 0.014284609000242199 65 423 87.0 3 3 5 
15 30 20 1 40.19507314200018 0.24019304200010083 191 11111 87.0 3 3 5 
15 30 21 -1 4.4824378629999995 0.0048951860000006064 0 132 106.0 0 4 5 
15 30 21 0 34.915369969 0.2167477369999986 84 14697 59.0 3 4 5 
15 30 21 1 9005.917015776 140.07302957899992 310 1244265 59.0 4 4 5 
15 30 22 -1 10.39740593499846 0.06462102600016806 0 29 62.0 0 3 5 
15 30 22 0 4.054643928000587 0.01397977600026934 91 1191 51.0 4 3 5 
15 30 22 1 186.25039060200106 2.8299476579995826 331 32763 51.0 4 3 5 
15 30 23 -1 2.9265500279998378 0.0040543810009694425 0 27 64.0 0 3 5 
15 30 23 0 3.7926525229995605 0.01526174699938565 80 1062 37.0 3 3 5 
15 30 23 1 90.540123752 0.2512782169997081 272 19178 37.0 3 3 5 
15 30 24 -1 2.9153350119995594 0.00422112700107391 0 23 108.0 0 3 5 
15 30 24 0 3.4340389529988897 0.009290201000112575 71 745 79.0 4 3 5 
15 30 24 1 136.08016290499836 0.48246073000154865 253 30515 79.0 6 3 5 